682
1024
0 0
274 1
1 3
139 1
3 1
138 1
279 1
4 1
278 1
5 1
140 1
276 1
7 1
8 1
128 3
131 3
132 3
135 1
17 1
152 3
16 3
153 3
154 3
155 3
157 1
158 1
144 1
145 3
265 1
149 1
305 2
34 1
35 3
169 1
306 2
168 3
37 3
319 3
186 1
50 3
184 3
176 3
300 2
301 2
303 2
181 1
342 1
204 3
341 2
339 1
338 1
200 3
337 1
351 3
350 1
349 1
199 3
348 1
79 3
347 2
344 1
87 3
86 3
216 3
80 3
217 3
218 3
219 3
93 1
209 3
90 3
368 2
234 1
96 1
370 2
106 3
225 3
358 2
359 2
353 2
355 2
249 1
365 2
366 2
125 3
367 2
360 2
361 3
362 2
363 3
